{
    "similarity_matrix": [
        [
            1.0000000000000004,
            0.8366765717192833,
            0.8989564883945896,
            0.9236467314965848,
            0.9061558272572243,
            0.6092087441869019,
            0.9488640945566634,
            0.5179838281662416,
            0.7951121412630415,
            0.667520766031124
        ],
        [
            0.8366765717192833,
            0.9999999999999998,
            0.7525321004463431,
            0.9247941420867971,
            0.7918150730765114,
            0.47056917524935826,
            0.7934322214717221,
            0.440382468708229,
            0.6231742212079135,
            0.5293887378186412
        ],
        [
            0.8989564883945896,
            0.7525321004463431,
            1.0000000000000004,
            0.8276194627719022,
            0.984068994952652,
            0.7389493448805126,
            0.9831535658156063,
            0.6267809987163961,
            0.8927330795783986,
            0.7559351499863239
        ],
        [
            0.9236467314965848,
            0.9247941420867971,
            0.8276194627719022,
            1.0000000000000004,
            0.8682045673727252,
            0.5675346380992674,
            0.8855704422357626,
            0.5171019918463136,
            0.7405874155013481,
            0.6259322793954275
        ],
        [
            0.9061558272572243,
            0.7918150730765114,
            0.984068994952652,
            0.8682045673727252,
            1.0000000000000004,
            0.7323831551192239,
            0.9873675369049932,
            0.6319013439593737,
            0.893702170965541,
            0.749654793624414
        ],
        [
            0.6092087441869019,
            0.47056917524935826,
            0.7389493448805126,
            0.5675346380992674,
            0.7323831551192239,
            0.9999999999999997,
            0.7224839423395454,
            0.9131624191801601,
            0.8866156690752653,
            0.9269153860982207
        ],
        [
            0.9488640945566634,
            0.7934322214717221,
            0.9831535658156063,
            0.8855704422357626,
            0.9873675369049932,
            0.7224839423395454,
            1.0000000000000004,
            0.6152672765770514,
            0.8936547796935812,
            0.7483425077972028
        ],
        [
            0.5179838281662416,
            0.440382468708229,
            0.6267809987163961,
            0.5171019918463136,
            0.6319013439593737,
            0.9131624191801601,
            0.6152672765770514,
            0.9999999999999993,
            0.7874377307993753,
            0.7949537091373249
        ],
        [
            0.7951121412630415,
            0.6231742212079135,
            0.8927330795783986,
            0.7405874155013481,
            0.893702170965541,
            0.8866156690752653,
            0.8936547796935812,
            0.7874377307993753,
            1.0000000000000004,
            0.8634217293803195
        ],
        [
            0.667520766031124,
            0.5293887378186412,
            0.7559351499863239,
            0.6259322793954275,
            0.749654793624414,
            0.9269153860982207,
            0.7483425077972028,
            0.7949537091373249,
            0.8634217293803195,
            1.0000000000000002
        ]
    ],
    "most_similar_pairs": [
        {
            "class1": "Coat",
            "class2": "Shirt",
            "similarity": 0.9873675369049932
        },
        {
            "class1": "Pullover",
            "class2": "Coat",
            "similarity": 0.984068994952652
        },
        {
            "class1": "Pullover",
            "class2": "Shirt",
            "similarity": 0.9831535658156063
        },
        {
            "class1": "T-shirt/top",
            "class2": "Shirt",
            "similarity": 0.9488640945566634
        },
        {
            "class1": "Sandal",
            "class2": "Ankle boot",
            "similarity": 0.9269153860982207
        }
    ],
    "least_similar_pairs": [
        {
            "class1": "Trouser",
            "class2": "Ankle boot",
            "similarity": 0.5293887378186412
        },
        {
            "class1": "T-shirt/top",
            "class2": "Sneaker",
            "similarity": 0.5179838281662416
        },
        {
            "class1": "Dress",
            "class2": "Sneaker",
            "similarity": 0.5171019918463136
        },
        {
            "class1": "Trouser",
            "class2": "Sandal",
            "similarity": 0.47056917524935826
        },
        {
            "class1": "Trouser",
            "class2": "Sneaker",
            "similarity": 0.440382468708229
        }
    ]
}